$ANSIBLE_VAULT;1.1;AES256
39386637623437653138346163646131306131633237333964323133393631353432633934393730
6139616231353634363339343563666535336634623736380a303666366563376465656462643036
36336465356561666462393435346562303534373365366266393333613632633937383137343435
6234326461646434640a353535653236343331623435366632633635656530336562363763663664
33376331623166393035386538363539616365623332303530396236633035343666376365343734
32363365616131393365366335373032313462643335666366383834633135376333663738616262
37326334643663356537616634336139363430616638353739356132636634353062303264313862
61633065323135653233336337613563373430393633633531663861313736313534383361363761
66323737656564633838396234616463366331646238306139323865393264623661393338343335
35383763656361316136633462393963343533333063343138666637396339643534383839663137
34376362303962366637383863666530313937633434633063653262306639653037616261313865
33633663303466316534303166666366623034626338376362303539633335623231653366616639
62363736323064303761313763393262623937653035303861343134643364343037626136353133
30353166306337313738366263333466373338353534666132666363313531323964316137356261
39383431363065636433363830343239366530636235313535386133613730643439316663353561
33623765373939353032643264633639343634643461316130366338636639313336643934313263
64353532373731343333343966303433386564396564303632633564643264306433646632356136
61333437343935616332396663313832636266636132393736626531313137666262643735303236
30633033656339326666666534626265393064653638626565356365376232313762626632653264
32633232613731633235373130336463343433613039653537326161346238346337613737343131
34306261343830336665313939346132393733383431316365376530323964373636323166623831
63383533343931343933333734303138633634356634386535336336643561376331653864643837
35393730343931343033646334643938306561656433326166626638393537633164316536386138
38636663616363313361646531326637323536303366623066646233363934373034623138316438
63643139356337373130346530663963343966343936613539376161616462643065376131356638
64333639303462313330333861613930636362393237633465326532393861383334393335383764
36366162393064666561346632393664316265323236376630636163313431303066316162666335
32623265623864643462
